EXTRACT of an LXCat export (not a verbatim upstream file).
Upstream file : https://raw.githubusercontent.com/lanl/ThunderBoltz/bdd3013da1954440ed68eec30611d6dad479b6b3/lxcat/assortment.txt
  (same bytes served by https://raw.githubusercontent.com/lanl/ThunderBoltz/main/lxcat/assortment.txt on 2026-09-02T15:35:58Z)
Upstream sha256: 7019dd0bdffe85c782684bddbc8433babd5e0a567166a05e3e1a6713006d1698  (1967511 bytes, CRLF)
Retrieved (UTC): 2026-09-02T15:35:58Z
Extract        : upstream lines 11902-13191 (1-based, inclusive), CRLF -> LF normalised, unchanged otherwise
Upstream export header: 'LXCat, www.lxcat.net' / 'Generated on 21 May 2023. All rights reserved.'
Reference (LXCat recommended format): Biagi-v7.1 database, www.lxcat.net, retrieved on May 21, 2023.
LXCat data are redistributed with attribution as required by www.lxcat.net ('Redistribution of data').

xxxxxxxxxxxxxxxxxxxxxxxxxxxxxxxxxxxxxxxxxxxxxxxxxxxxxxxxxxxxxxxxxxxxxxxxxxxxxxxxxxxxxxxxxxxxxxxxxxxxxxxxxxxxxxxxxxxxxxxx
DATABASE:         Biagi-v7.1 (Magboltz version 7.1)
PERMLINK:         www.lxcat.net/Biagi-v7.1
DESCRIPTION:      For the moment, this data base contains cross sections for the rare gases.  The excitation cross
                  sections are grouped into a few effective excitation levels.  For more detailed cross sections with
                  multiple levels, see Biagi 8.9.  
                  
                  These cross sections were compiled for use in a Monte Carlo (or multi-term Boltzmann) code.  
                  For history and detailed notes, see http://consult.cern.ch/writeup/magboltz/
CONTACT:          COPYRIGHT 2004   STEPHEN FRANCIS BIAGI
HOW TO REFERENCE: Cross sections extracted from 
                  PROGRAM MAGBOLTZ, VERSION 7.1 JUNE 2004
xxxxxxxxxxxxxxxxxxxxxxxxxxxxxxxxxxxxxxxxxxxxxxxxxxxxxxxxxxxxxxxxxxxxxxxxxxxxxxxxxxxxxxxxxxxxxxxxxxxxxxxxxxxxxxxxxxxxxxxx

************************************************************************************************************************


********************************************************** Xe **********************************************************

ELASTIC
Xe
 4.200000e-6
SPECIES: e / Xe
PROCESS: E + Xe -> E + Xe, Elastic
PARAM.:  m/M = 0.0000042, complete set
COMMENT: Elastic Momentum Transfer. Improved resolution at low energy, Oct 2011.
UPDATED: 2013-04-19 07:59:59
COLUMNS: Energy (eV) | Cross section (m2)
-----------------------------
 0.000000e+0	1.220000e-18
 1.000000e-4	1.220000e-18
 1.000000e-3	1.150000e-18
 5.000000e-3	9.700000e-19
 7.000000e-3	9.110000e-19
 1.000000e-2	8.390000e-19
 2.000000e-2	6.730000e-19
 3.000000e-2	5.610000e-19
 3.514000e-2	5.143070e-19
 7.152000e-2	3.119150e-19
 1.091700e-1	2.026200e-19
 1.481500e-1	1.360930e-19
 1.885000e-1	9.269560e-20
 2.302700e-1	6.291420e-20
 2.735000e-1	4.327490e-20
 3.182600e-1	2.922920e-20
 3.645800e-1	1.949420e-20
 4.125400e-1	1.279860e-20
 4.621800e-1	8.277060e-21
 5.135600e-1	5.318070e-21
 5.667500e-1	3.555770e-21
 6.218100e-1	2.748970e-21
 7.378000e-1	3.959240e-21
 7.988700e-1	5.586910e-21
 8.620900e-1	7.517850e-21
 9.275200e-1	9.751120e-21
 9.952600e-1	1.239780e-20
 1.065380e+0	1.549480e-20
 1.137960e+0	1.909240e-20
 1.213090e+0	2.323290e-20
 1.290870e+0	2.791280e-20
 1.371370e+0	3.311990e-20
 1.454710e+0	3.888300e-20
 1.540970e+0	4.507280e-20
 1.630270e+0	5.172510e-20
 1.722700e+0	5.886420e-20
 1.818380e+0	6.569230e-20
 1.917430e+0	7.316110e-20
 2.019950e+0	8.110350e-20
 2.126080e+0	8.874580e-20
 2.235940e+0	9.696730e-20
 2.349650e+0	1.058070e-19
 2.467370e+0	1.153050e-19
 2.589220e+0	1.248140e-19
 2.715350e+0	1.346910e-19
 2.845920e+0	1.452090e-19
 2.981070e+0	1.564070e-19
 3.120980e+0	1.687010e-19
 3.265800e+0	1.818740e-19
 3.415700e+0	1.959200e-19
 3.570880e+0	2.095590e-19
 3.731510e+0	2.222950e-19
 3.897790e+0	2.356760e-19
 4.069910e+0	2.489900e-19
 4.248070e+0	2.617720e-19
 4.432500e+0	2.750990e-19
 4.623410e+0	2.866980e-19
 4.821030e+0	2.973770e-19
 5.025600e+0	3.074230e-19
 5.237350e+0	3.108670e-19
 5.456540e+0	3.143260e-19
 5.683440e+0	3.179930e-19
 5.918310e+0	3.217260e-19
 6.413100e+0	3.171660e-19
 6.673610e+0	3.138530e-19
 6.943280e+0	3.106530e-19
 7.222430e+0	3.014210e-19
 7.511380e+0	2.909970e-19
 7.810490e+0	2.809790e-19
 8.120110e+0	2.685560e-19
 8.440610e+0	2.525120e-19
 8.772370e+0	2.374860e-19
 9.115790e+0	2.222910e-19
 9.471290e+0	2.060470e-19
 9.839270e+0	1.910430e-19
 1.022018e+1	1.789420e-19
 1.061449e+1	1.688810e-19
 1.102264e+1	1.594150e-19
 1.144515e+1	1.505070e-19
 1.188250e+1	1.421220e-19
 1.233521e+1	1.338160e-19
 1.280384e+1	1.258790e-19
 1.328894e+1	1.184330e-19
 1.379108e+1	1.114440e-19
 1.431087e+1	1.048850e-19
 1.484893e+1	9.872510e-20
 1.540590e+1	9.391070e-20
 1.598244e+1	8.969280e-20
 1.657924e+1	8.567280e-20
 1.719701e+1	8.184080e-20
 1.783649e+1	7.818740e-20
 1.849845e+1	7.454430e-20
 1.918366e+1	7.102670e-20
 1.989296e+1	6.768100e-20
 2.062719e+1	6.511300e-20
 2.138721e+1	6.274980e-20
 2.217395e+1	6.047590e-20
 2.298833e+1	5.828780e-20
 2.383133e+1	5.618200e-20
 2.470396e+1	5.415510e-20
 2.560725e+1	5.218750e-20
 2.654229e+1	5.028590e-20
 2.751018e+1	4.845600e-20
 2.851209e+1	4.669480e-20
 2.954921e+1	4.499960e-20
 3.062278e+1	4.348880e-20
 3.173407e+1	4.211650e-20
 3.288442e+1	4.078900e-20
 3.407519e+1	3.950460e-20
 3.530781e+1	3.826200e-20
 3.658374e+1	3.705950e-20
 3.790451e+1	3.589600e-20
 3.927170e+1	3.476990e-20
 4.068694e+1	3.369110e-20
 4.215191e+1	3.265810e-20
 4.366836e+1	3.165750e-20
 4.523810e+1	3.068840e-20
 4.686301e+1	2.974960e-20
 4.854502e+1	2.884020e-20
 5.028614e+1	2.796890e-20
 5.208844e+1	2.717330e-20
 5.395409e+1	2.640080e-20
 5.588529e+1	2.565080e-20
 5.788437e+1	2.492250e-20
 5.995369e+1	2.421530e-20
 6.209573e+1	2.361940e-20
 6.431306e+1	2.304040e-20
 6.660830e+1	2.247590e-20
 6.898420e+1	2.192550e-20
 7.144360e+1	2.143110e-20
 7.398942e+1	2.097750e-20
 7.662471e+1	2.053370e-20
 7.935261e+1	2.009950e-20
 8.217638e+1	1.974380e-20
 8.509938e+1	1.941510e-20
 8.812509e+1	1.909210e-20
 9.125714e+1	1.877900e-20
 9.449926e+1	1.847780e-20
 9.785531e+1	1.818160e-20
 1.013293e+2	1.795780e-20
 1.086478e+2	1.773660e-20
 1.164898e+2	1.751820e-20
 1.248925e+2	1.730260e-20
 1.338963e+2	1.699390e-20
 1.435440e+2	1.668960e-20
 1.538817e+2	1.619790e-20
 1.593245e+2	1.579560e-20
 1.649587e+2	1.540350e-20
 1.707908e+2	1.502120e-20
 1.768279e+2	1.464840e-20
 1.830772e+2	1.428500e-20
 1.895461e+2	1.393060e-20
 1.962423e+2	1.358510e-20
 2.031738e+2	1.325620e-20
 2.103489e+2	1.294470e-20
 2.177762e+2	1.264050e-20
 2.254644e+2	1.234350e-20
 2.334229e+2	1.205360e-20
 2.416610e+2	1.177050e-20
 2.501886e+2	1.149570e-20
 2.590160e+2	1.129850e-20
 2.681535e+2	1.110470e-20
 2.776121e+2	1.091430e-20
 2.874031e+2	1.072720e-20
 2.975383e+2	1.054330e-20
 3.080295e+2	1.040400e-20
 3.188895e+2	1.027930e-20
 3.301311e+2	1.015610e-20
 3.417678e+2	1.003450e-20
 3.538134e+2	9.914290e-21
 3.662823e+2	9.795540e-21
 3.791894e+2	9.678230e-21
 3.925501e+2	9.562340e-21
 4.063803e+2	9.433180e-21
 4.206965e+2	9.288630e-21
 4.355158e+2	9.146300e-21
 4.508559e+2	9.006160e-21
 4.667351e+2	8.868180e-21
 4.831724e+2	8.732330e-21
 5.001872e+2	8.597580e-21
 5.178000e+2	8.377120e-21
 5.360318e+2	8.162320e-21
 5.549043e+2	7.953040e-21
 5.744399e+2	7.749140e-21
 5.946621e+2	7.550480e-21
 6.155950e+2	7.396620e-21
 6.372635e+2	7.259500e-21
 6.596934e+2	7.124930e-21
 6.829117e+2	6.992860e-21
 7.069458e+2	6.853740e-21
 7.318245e+2	6.694130e-21
 7.575776e+2	6.538250e-21
 7.842356e+2	6.386000e-21
 8.118305e+2	6.251370e-21
 8.403951e+2	6.138300e-21
 8.699636e+2	6.027280e-21
 9.005711e+2	5.918270e-21
 9.322543e+2	5.811240e-21
 9.650509e+2	5.706150e-21
-----------------------------

EXCITATION
Xe -> Xe*(8.315eV)
 8.315000e+0
SPECIES: e / Xe
PROCESS: E + Xe -> E + Xe*(8.315eV), Excitation
PARAM.:  E = 8.315 eV, complete set
UPDATED: 2010-11-15 06:16:29
COLUMNS: Energy (eV) | Cross section (m2)
-----------------------------
 8.315000e+0	0.000000e+0
 8.315100e+0	3.314210e-25
 8.350140e+0	1.163510e-22
 8.386520e+0	2.065670e-22
 8.424170e+0	2.545050e-22
 8.463150e+0	2.673690e-22
 8.503500e+0	2.621010e-22
 8.545270e+0	2.871610e-22
 8.588500e+0	3.331230e-22
 8.633260e+0	3.819170e-22
 8.679580e+0	4.343160e-22
 8.727540e+0	4.899430e-22
 8.777180e+0	5.529600e-22
 8.828560e+0	6.331240e-22
 8.881750e+0	7.462020e-22
 8.936810e+0	8.930680e-22
 8.993800e+0	1.043890e-21
 9.052800e+0	1.150560e-21
 9.113870e+0	1.148900e-21
 9.177090e+0	1.098330e-21
 9.242520e+0	1.062990e-21
 9.310260e+0	1.086420e-21
 9.380380e+0	1.210760e-21
 9.452960e+0	1.476730e-21
 9.528090e+0	2.251040e-21
 9.605870e+0	2.086020e-21
 9.686370e+0	1.519960e-21
 9.769710e+0	1.451820e-21
 9.855970e+0	1.520380e-21
 9.945270e+0	1.596210e-21
 1.003770e+1	1.666390e-21
 1.013338e+1	1.733370e-21
 1.023243e+1	1.802700e-21
 1.033495e+1	1.874470e-21
 1.044108e+1	1.948760e-21
 1.055094e+1	2.025660e-21
 1.066465e+1	2.102020e-21
 1.078237e+1	2.178540e-21
 1.090422e+1	2.257740e-21
 1.103035e+1	2.337000e-21
 1.116092e+1	2.410110e-21
 1.129607e+1	2.485800e-21
 1.143597e+1	2.564150e-21
 1.158079e+1	2.645240e-21
 1.173070e+1	2.729190e-21
 1.188588e+1	2.816090e-21
 1.204651e+1	2.902330e-21
 1.221279e+1	2.982140e-21
 1.238491e+1	3.064760e-21
 1.256307e+1	3.150280e-21
 1.274750e+1	3.238800e-21
 1.293841e+1	3.330440e-21
 1.313603e+1	3.429380e-21
 1.334060e+1	3.533700e-21
 1.355235e+1	3.641700e-21
 1.377154e+1	3.753490e-21
 1.399844e+1	3.869200e-21
 1.423331e+1	3.958660e-21
 1.447643e+1	4.051040e-21
 1.472810e+1	4.146680e-21
 1.498861e+1	4.245670e-21
 1.525828e+1	4.337820e-21
 1.553743e+1	4.432720e-21
 1.582638e+1	4.530970e-21
 1.612549e+1	4.623250e-21
 1.643511e+1	4.705300e-21
 1.675561e+1	4.790240e-21
 1.708737e+1	4.878150e-21
 1.743079e+1	4.969160e-21
 1.778629e+1	5.063370e-21
 1.815427e+1	5.150850e-21
 1.853518e+1	5.227040e-21
 1.892949e+1	5.305900e-21
 1.933764e+1	5.387530e-21
 1.976015e+1	5.472030e-21
 2.019750e+1	5.548640e-21
 2.065021e+1	5.614280e-21
 2.111884e+1	5.682230e-21
 2.160394e+1	5.752570e-21
 2.210608e+1	5.821140e-21
 2.262587e+1	5.875720e-21
 2.316393e+1	5.932210e-21
 2.372090e+1	5.990690e-21
 2.429744e+1	6.040820e-21
 2.489424e+1	6.082600e-21
 2.551201e+1	6.125840e-21
 2.615149e+1	6.166060e-21
 2.681345e+1	6.192540e-21
 2.749866e+1	6.219950e-21
 2.820796e+1	6.245200e-21
 2.894218e+1	6.263550e-21
 2.970221e+1	6.282560e-21
 3.048895e+1	6.294890e-21
 3.130333e+1	6.303030e-21
 3.214633e+1	6.311460e-21
 3.301896e+1	6.320190e-21
 3.392225e+1	6.329220e-21
 3.485729e+1	6.338570e-21
 3.582518e+1	6.331750e-21
 3.682709e+1	6.321730e-21
 3.786421e+1	6.311360e-21
 3.893778e+1	6.300620e-21
 4.004907e+1	6.288090e-21
 4.119942e+1	6.243220e-21
 4.239019e+1	6.196780e-21
 4.362281e+1	6.148710e-21
 4.489874e+1	6.098950e-21
 4.621951e+1	6.047440e-21
 4.758670e+1	5.994120e-21
 4.900194e+1	5.938920e-21
 5.046691e+1	5.891130e-21
 5.198336e+1	5.862320e-21
 5.355310e+1	5.832490e-21
 5.517801e+1	5.801620e-21
 5.686002e+1	5.769660e-21
 5.860114e+1	5.736580e-21
 6.040344e+1	5.696690e-21
 6.226909e+1	5.635120e-21
 6.420029e+1	5.571390e-21
 6.619937e+1	5.505420e-21
 6.826869e+1	5.437130e-21
 7.041073e+1	5.368090e-21
 7.262805e+1	5.303790e-21
 7.492330e+1	5.237220e-21
 7.729920e+1	5.168320e-21
 7.975860e+1	5.097000e-21
 8.230442e+1	5.023170e-21
 8.493971e+1	4.946750e-21
 8.766761e+1	4.867640e-21
 9.049138e+1	4.788210e-21
 9.341437e+1	4.718050e-21
 9.644009e+1	4.645440e-21
 9.957214e+1	4.570270e-21
 1.028143e+2	4.499490e-21
 1.061703e+2	4.427340e-21
 1.096443e+2	4.352650e-21
 1.132404e+2	4.275330e-21
 1.169628e+2	4.195300e-21
 1.208161e+2	4.114090e-21
 1.248048e+2	4.036310e-21
 1.289336e+2	3.955790e-21
 1.332075e+2	3.872450e-21
 1.376317e+2	3.786180e-21
 1.422113e+2	3.713460e-21
 1.469518e+2	3.656580e-21
 1.518590e+2	3.597690e-21
 1.569386e+2	3.536740e-21
 1.621967e+2	3.473640e-21
 1.676395e+2	3.408330e-21
 1.732737e+2	3.340720e-21
 1.791058e+2	3.270730e-21
 1.851429e+2	3.211140e-21
 1.913922e+2	3.151770e-21
 1.978611e+2	3.090320e-21
 2.045573e+2	3.026710e-21
 2.114888e+2	2.960860e-21
 2.186639e+2	2.892690e-21
 2.260912e+2	2.822130e-21
 2.337794e+2	2.749100e-21
 2.417379e+2	2.679570e-21
 2.499760e+2	2.630140e-21
 2.585036e+2	2.578980e-21
 2.673310e+2	2.526010e-21
 2.764685e+2	2.471190e-21
 2.859271e+2	2.414440e-21
 2.957181e+2	2.355690e-21
 3.058533e+2	2.294880e-21
 3.163445e+2	2.231930e-21
 3.272045e+2	2.182980e-21
 3.384461e+2	2.140830e-21
 3.500828e+2	2.097190e-21
 3.621284e+2	2.052550e-21
 3.745973e+2	2.008910e-21
 3.875044e+2	1.963730e-21
 4.008651e+2	1.916710e-21
 4.146953e+2	1.864160e-21
 4.290115e+2	1.809760e-21
 4.438308e+2	1.753440e-21
 4.591709e+2	1.702490e-21
 4.750501e+2	1.654850e-21
 4.914874e+2	1.605540e-21
 5.085022e+2	1.563850e-21
 5.261150e+2	1.530380e-21
 5.443468e+2	1.495740e-21
 5.632193e+2	1.459880e-21
 5.827549e+2	1.422770e-21
 6.029771e+2	1.385830e-21
 6.239100e+2	1.356530e-21
 6.455785e+2	1.326190e-21
 6.680085e+2	1.294790e-21
 6.912266e+2	1.262280e-21
 7.152608e+2	1.227110e-21
 7.401395e+2	1.189790e-21
 7.658926e+2	1.151160e-21
 7.925506e+2	1.111170e-21
 8.201455e+2	1.081870e-21
 8.487101e+2	1.056160e-21
 8.782786e+2	1.029550e-21
 9.088861e+2	1.001740e-21
 9.405693e+2	9.722710e-22
 9.733659e+2	9.417700e-22
-----------------------------

EXCITATION
Xe -> Xe*(9.447eV)
 9.447000e+0
SPECIES: e / Xe
PROCESS: E + Xe -> E + Xe*(9.447eV), Excitation
PARAM.:  E = 9.447 eV, complete set
UPDATED: 2010-11-15 06:25:26
COLUMNS: Energy (eV) | Cross section (m2)
-----------------------------
 9.447000e+0	0.000000e+0
 9.447100e+0	1.166570e-24
 9.482140e+0	8.192700e-23
 9.518520e+0	1.265190e-22
 9.556170e+0	1.578770e-22
 9.595150e+0	1.570970e-22
 9.635500e+0	1.520300e-22
 9.677270e+0	1.641800e-22
 9.720500e+0	2.145450e-22
 9.765260e+0	3.005120e-22
 9.811580e+0	4.001150e-22
 9.859540e+0	5.247970e-22
 9.909180e+0	6.533100e-22
 9.960560e+0	7.838250e-22
 1.001375e+1	9.153510e-22
 1.006881e+1	1.040890e-21
 1.012580e+1	1.170830e-21
 1.018480e+1	1.305350e-21
 1.024587e+1	1.438620e-21
 1.030909e+1	1.574540e-21
 1.037452e+1	1.715230e-21
 1.044226e+1	1.848180e-21
 1.051238e+1	1.977900e-21
 1.058496e+1	2.112180e-21
 1.066009e+1	2.234650e-21
 1.073787e+1	2.357140e-21
 1.081837e+1	2.483940e-21
 1.090171e+1	2.615190e-21
 1.098797e+1	2.751060e-21
 1.107727e+1	2.858860e-21
 1.116970e+1	2.965160e-21
 1.126538e+1	3.075190e-21
 1.136443e+1	3.189090e-21
 1.146695e+1	3.306990e-21
 1.157308e+1	3.429040e-21
 1.168294e+1	3.555380e-21
 1.179665e+1	3.686150e-21
 1.191437e+1	3.821520e-21
 1.203622e+1	3.944990e-21
 1.216235e+1	4.032020e-21
 1.229292e+1	4.122110e-21
 1.242807e+1	4.215370e-21
 1.256797e+1	4.311900e-21
 1.271279e+1	4.411830e-21
 1.286270e+1	4.515270e-21
 1.301788e+1	4.617690e-21
 1.317851e+1	4.686760e-21
 1.334479e+1	4.758260e-21
 1.351691e+1	4.832270e-21
 1.369507e+1	4.908880e-21
 1.387950e+1	4.988190e-21
 1.407041e+1	5.058310e-21
 1.426803e+1	5.109690e-21
 1.447260e+1	5.162870e-21
 1.468435e+1	5.217930e-21
 1.490354e+1	5.274920e-21
 1.513044e+1	5.318260e-21
 1.536531e+1	5.351140e-21
 1.560843e+1	5.385180e-21
 1.586010e+1	5.420410e-21
 1.612061e+1	5.447840e-21
 1.639028e+1	5.465370e-21
 1.666943e+1	5.483510e-21
 1.695838e+1	5.502290e-21
 1.725749e+1	5.521740e-21
 1.756711e+1	5.541860e-21
 1.788761e+1	5.562690e-21
 1.821937e+1	5.567810e-21
 1.856279e+1	5.564370e-21
 1.891829e+1	5.560820e-21
 1.928627e+1	5.557140e-21
 1.966718e+1	5.553330e-21
 2.006149e+1	5.547540e-21
 2.046964e+1	5.531210e-21
 2.089215e+1	5.514310e-21
 2.132950e+1	5.496820e-21
 2.178221e+1	5.478710e-21
 2.225084e+1	5.458710e-21
 2.273594e+1	5.436880e-21
 2.323808e+1	5.414290e-21
 2.375787e+1	5.390900e-21
 2.429593e+1	5.362240e-21
 2.485290e+1	5.328830e-21
 2.542944e+1	5.294230e-21
 2.602624e+1	5.258560e-21
 2.664401e+1	5.224580e-21
 2.728349e+1	5.189410e-21
 2.794545e+1	5.153000e-21
 2.863066e+1	5.112160e-21
 2.933996e+1	5.069600e-21
 3.007418e+1	5.025850e-21
 3.083421e+1	4.983280e-21
 3.162095e+1	4.939230e-21
 3.243533e+1	4.893620e-21
 3.327833e+1	4.846410e-21
 3.415096e+1	4.797550e-21
 3.505425e+1	4.747290e-21
 3.598929e+1	4.700540e-21
 3.695718e+1	4.652140e-21
 3.795909e+1	4.602050e-21
 3.899621e+1	4.550190e-21
 4.006978e+1	4.497070e-21
 4.118107e+1	4.450390e-21
 4.233142e+1	4.402080e-21
 4.352219e+1	4.352070e-21
 4.475481e+1	4.300300e-21
 4.603074e+1	4.246710e-21
 4.735151e+1	4.191240e-21
 4.871870e+1	4.133810e-21
 5.013394e+1	4.075450e-21
 5.159891e+1	4.025640e-21
 5.311536e+1	3.974080e-21
 5.468510e+1	3.920710e-21
 5.631001e+1	3.865460e-21
 5.799202e+1	3.808270e-21
 5.973314e+1	3.749070e-21
 6.153544e+1	3.697010e-21
 6.340109e+1	3.644770e-21
 6.533229e+1	3.590700e-21
 6.733137e+1	3.534720e-21
 6.940069e+1	3.476780e-21
 7.154273e+1	3.424520e-21
 7.376005e+1	3.373520e-21
 7.605530e+1	3.320730e-21
 7.843120e+1	3.266080e-21
 8.089060e+1	3.211300e-21
 8.343642e+1	3.157840e-21
 8.607171e+1	3.102490e-21
 8.879961e+1	3.045210e-21
 9.162338e+1	2.990780e-21
 9.454637e+1	2.938170e-21
 9.757209e+1	2.883700e-21
 1.007041e+2	2.829790e-21
 1.039463e+2	2.782780e-21
 1.073023e+2	2.734120e-21
 1.107763e+2	2.683740e-21
 1.143724e+2	2.631600e-21
 1.180948e+2	2.577630e-21
 1.219481e+2	2.527600e-21
 1.259368e+2	2.481730e-21
 1.300656e+2	2.434250e-21
 1.343395e+2	2.385100e-21
 1.387637e+2	2.334220e-21
 1.433433e+2	2.289910e-21
 1.480838e+2	2.247250e-21
 1.529910e+2	2.203080e-21
 1.580706e+2	2.157360e-21
 1.633287e+2	2.115040e-21
 1.687715e+2	2.074210e-21
 1.744057e+2	2.031960e-21
 1.802378e+2	1.988340e-21
 1.862749e+2	1.946080e-21
 1.925242e+2	1.902330e-21
 1.989931e+2	1.857050e-21
 2.056893e+2	1.820130e-21
 2.126208e+2	1.783740e-21
 2.197959e+2	1.746070e-21
 2.272232e+2	1.707080e-21
 2.349114e+2	1.666710e-21
 2.428699e+2	1.628520e-21
 2.511080e+2	1.595570e-21
 2.596356e+2	1.561460e-21
 2.684630e+2	1.526150e-21
 2.776005e+2	1.489600e-21
 2.870591e+2	1.455290e-21
 2.968501e+2	1.421020e-21
 3.069853e+2	1.385550e-21
 3.174765e+2	1.348830e-21
 3.283365e+2	1.319160e-21
 3.395781e+2	1.291050e-21
 3.512148e+2	1.261960e-21
 3.632604e+2	1.231850e-21
 3.757293e+2	1.200680e-21
 3.886364e+2	1.168410e-21
 4.019971e+2	1.136800e-21
 4.158273e+2	1.114680e-21
 4.301435e+2	1.091770e-21
 4.449628e+2	1.068060e-21
 4.603029e+2	1.041450e-21
 4.761821e+2	1.012870e-21
 4.926194e+2	9.832850e-22
 5.096342e+2	9.585350e-22
 5.272470e+2	9.375760e-22
 5.454788e+2	9.158800e-22
 5.643513e+2	8.934220e-22
 5.838869e+2	8.701750e-22
 6.041091e+2	8.470960e-22
 6.250420e+2	8.272100e-22
 6.467105e+2	8.066250e-22
 6.691404e+2	7.853170e-22
 6.923587e+2	7.632590e-22
 7.163928e+2	7.441970e-22
 7.412715e+2	7.262840e-22
 7.670246e+2	7.077420e-22
 7.936826e+2	6.885490e-22
 8.212775e+2	6.712330e-22
 8.498421e+2	6.540950e-22
 8.794106e+2	6.363540e-22
 9.100181e+2	6.190910e-22
 9.417013e+2	6.035660e-22
 9.744979e+2	5.874960e-22
-----------------------------

EXCITATION
Xe -> Xe*(9.917eV)
 9.917000e+0
SPECIES: e / Xe
PROCESS: E + Xe -> E + Xe*(9.917eV), Excitation
PARAM.:  E = 9.917 eV, complete set
UPDATED: 2010-11-15 06:26:57
COLUMNS: Energy (eV) | Cross section (m2)
-----------------------------
 9.917000e+0	0.000000e+0
 9.917100e+0	6.024080e-29
 9.952140e+0	2.116990e-26
 9.988520e+0	4.308380e-26
 1.002617e+1	5.095320e-23
 1.006515e+1	1.267570e-22
 1.010550e+1	2.052250e-22
 1.014727e+1	2.864510e-22
 1.019050e+1	3.705310e-22
 1.023526e+1	5.284410e-22
 1.028158e+1	7.116620e-22
 1.032954e+1	9.013210e-22
 1.037918e+1	1.097650e-21
 1.043056e+1	1.290020e-21
 1.048375e+1	1.481500e-21
 1.053881e+1	1.679720e-21
 1.059580e+1	1.884890e-21
 1.065480e+1	2.071250e-21
 1.071587e+1	2.262100e-21
 1.077909e+1	2.459650e-21
 1.084452e+1	2.664140e-21
 1.091226e+1	2.875820e-21
 1.098238e+1	3.094940e-21
 1.105496e+1	3.314890e-21
 1.113009e+1	3.540280e-21
 1.120787e+1	3.773600e-21
 1.128837e+1	4.015120e-21
 1.137171e+1	4.265130e-21
 1.145797e+1	4.523920e-21
 1.154727e+1	4.791800e-21
 1.163970e+1	5.069100e-21
 1.173538e+1	5.356150e-21
 1.183443e+1	5.653280e-21
 1.193695e+1	5.960850e-21
 1.204308e+1	6.234000e-21
 1.215294e+1	6.448230e-21
 1.226665e+1	6.669980e-21
 1.238437e+1	6.899520e-21
 1.250622e+1	7.137130e-21
 1.263235e+1	7.383090e-21
 1.276292e+1	7.637690e-21
 1.289807e+1	7.901240e-21
 1.303798e+1	8.148990e-21
 1.318280e+1	8.335810e-21
 1.333270e+1	8.529190e-21
 1.348788e+1	8.729370e-21
 1.364851e+1	8.936580e-21
 1.381479e+1	9.151080e-21
 1.398691e+1	9.373110e-21
 1.416507e+1	9.540220e-21
 1.434950e+1	9.708050e-21
 1.454041e+1	9.881780e-21
 1.473803e+1	1.006160e-20
 1.494260e+1	1.024780e-20
 1.515435e+1	1.037720e-20
 1.537354e+1	1.048680e-20
 1.560044e+1	1.060020e-20
 1.583531e+1	1.071770e-20
 1.607843e+1	1.082350e-20
 1.633010e+1	1.089900e-20
 1.659061e+1	1.097720e-20
 1.686028e+1	1.105810e-20
 1.713943e+1	1.114180e-20
 1.742838e+1	1.122850e-20
 1.772749e+1	1.131820e-20
 1.803711e+1	1.140560e-20
 1.835761e+1	1.145360e-20
 1.868937e+1	1.150340e-20
 1.903279e+1	1.155490e-20
 1.938829e+1	1.160820e-20
 1.975627e+1	1.166340e-20
 2.013718e+1	1.170000e-20
 2.053149e+1	1.170000e-20
 2.093964e+1	1.170000e-20
 2.136215e+1	1.170000e-20
 2.179950e+1	1.170000e-20
 2.225221e+1	1.168740e-20
 2.272084e+1	1.166400e-20
 2.320594e+1	1.163970e-20
 2.370808e+1	1.161460e-20
 2.422787e+1	1.158860e-20
 2.476593e+1	1.156170e-20
 2.532290e+1	1.153390e-20
 2.589944e+1	1.150500e-20
 2.649624e+1	1.145040e-20
 2.711401e+1	1.138860e-20
 2.775349e+1	1.132470e-20
 2.841545e+1	1.125850e-20
 2.910066e+1	1.118990e-20
 2.980996e+1	1.111900e-20
 3.054419e+1	1.105650e-20
 3.130421e+1	1.099570e-20
 3.209095e+1	1.093270e-20
 3.290533e+1	1.086760e-20
 3.374833e+1	1.080010e-20
 3.462096e+1	1.073030e-20
 3.552425e+1	1.064760e-20
 3.645929e+1	1.055410e-20
 3.742718e+1	1.045730e-20
 3.842909e+1	1.035710e-20
 3.946621e+1	1.025340e-20
 4.053978e+1	1.015140e-20
 4.165107e+1	1.005140e-20
 4.280142e+1	9.947870e-21
 4.399219e+1	9.840700e-21
 4.522481e+1	9.729770e-21
 4.650074e+1	9.614930e-21
 4.782151e+1	9.496060e-21
 4.918870e+1	9.373020e-21
 5.060394e+1	9.256520e-21
 5.206891e+1	9.151040e-21
 5.358536e+1	9.041850e-21
 5.515510e+1	8.928830e-21
 5.678001e+1	8.811840e-21
 5.846202e+1	8.690730e-21
 6.020314e+1	8.568220e-21
 6.200544e+1	8.463680e-21
 6.387109e+1	8.355480e-21
 6.580229e+1	8.243470e-21
 6.780137e+1	8.127520e-21
 6.987069e+1	8.007500e-21
 7.201273e+1	7.889300e-21
 7.423006e+1	7.767350e-21
 7.652530e+1	7.641110e-21
 7.890120e+1	7.510430e-21
 8.136060e+1	7.390130e-21
 8.390642e+1	7.278120e-21
 8.654171e+1	7.162160e-21
 8.926961e+1	7.042140e-21
 9.209338e+1	6.926260e-21
 9.501638e+1	6.809340e-21
 9.804209e+1	6.688320e-21
 1.011741e+2	6.571840e-21
 1.044163e+2	6.466470e-21
 1.077723e+2	6.357400e-21
 1.112463e+2	6.244500e-21
 1.148424e+2	6.127620e-21
 1.185648e+2	6.006640e-21
 1.224181e+2	5.897130e-21
 1.264068e+2	5.793420e-21
 1.305356e+2	5.686070e-21
 1.348095e+2	5.574950e-21
 1.392337e+2	5.459920e-21
 1.438133e+2	5.358010e-21
 1.485538e+2	5.256090e-21
 1.534610e+2	5.150590e-21
 1.585406e+2	5.041380e-21
 1.637987e+2	4.943520e-21
 1.692415e+2	4.848270e-21
 1.748757e+2	4.749680e-21
 1.807078e+2	4.649030e-21
 1.867449e+2	4.555450e-21
 1.929942e+2	4.458590e-21
 1.994631e+2	4.358320e-21
 2.061593e+2	4.274550e-21
 2.130908e+2	4.189640e-21
 2.202659e+2	4.101740e-21
 2.276932e+2	4.010760e-21
 2.353814e+2	3.916580e-21
 2.433399e+2	3.828270e-21
 2.515780e+2	3.750010e-21
 2.601056e+2	3.669000e-21
 2.689330e+2	3.585140e-21
 2.780705e+2	3.498330e-21
 2.875291e+2	3.423530e-21
 2.973202e+2	3.350100e-21
 3.074553e+2	3.274090e-21
 3.179465e+2	3.195400e-21
 3.288065e+2	3.122760e-21
 3.400481e+2	3.049690e-21
 3.516848e+2	2.974050e-21
 3.637304e+2	2.900420e-21
 3.761993e+2	2.834950e-21
 3.891064e+2	2.767190e-21
 4.024671e+2	2.699140e-21
 4.162973e+2	2.638290e-21
 4.306135e+2	2.575300e-21
 4.454328e+2	2.510100e-21
 4.607729e+2	2.449060e-21
 4.766521e+2	2.388720e-21
 4.930894e+2	2.326260e-21
 5.101042e+2	2.271710e-21
 5.277170e+2	2.222390e-21
 5.459488e+2	2.171340e-21
 5.648213e+2	2.118500e-21
 5.843569e+2	2.063800e-21
 6.045791e+2	2.009930e-21
 6.255120e+2	1.963870e-21
 6.471805e+2	1.916200e-21
 6.696105e+2	1.866860e-21
 6.928287e+2	1.815780e-21
 7.168628e+2	1.769650e-21
 7.417415e+2	1.724870e-21
 7.674946e+2	1.678510e-21
 7.941526e+2	1.630530e-21
 8.217475e+2	1.591730e-21
 8.503121e+2	1.554590e-21
 8.798806e+2	1.516160e-21
 9.104881e+2	1.477410e-21
 9.421713e+2	1.439390e-21
 9.749679e+2	1.400040e-21
-----------------------------

EXCITATION
Xe -> Xe*(11.7eV)
 1.170000e+1
SPECIES: e / Xe
PROCESS: E + Xe -> E + Xe*(11.7eV), Excitation
PARAM.:  E = 11.7 eV, complete set
UPDATED: 2010-11-15 08:50:26
COLUMNS: Energy (eV) | Cross section (m2)
-----------------------------
 1.170000e+1	0.000000e+0
 1.170100e+1	6.466660e-27
 1.173514e+1	2.272530e-24
 1.177152e+1	4.624910e-24
 1.180917e+1	7.059970e-24
 1.184815e+1	9.580590e-24
 1.188850e+1	1.218980e-23
 1.193027e+1	1.489070e-23
 1.197350e+1	1.768650e-23
 1.201826e+1	2.450450e-23
 1.206458e+1	3.745740e-23
 1.211254e+1	5.086540e-23
 1.216218e+1	6.474470e-23
 1.221356e+1	7.911170e-23
 1.226675e+1	9.398350e-23
 1.232181e+1	1.093780e-22
 1.237880e+1	1.253140e-22
 1.243780e+1	1.418090e-22
 1.249887e+1	1.588840e-22
 1.256209e+1	1.765600e-22
 1.262752e+1	1.948560e-22
 1.269526e+1	2.137950e-22
 1.276538e+1	2.334000e-22
 1.283796e+1	2.536940e-22
 1.291309e+1	2.747010e-22
 1.299087e+1	2.964470e-22
 1.307137e+1	3.330450e-22
 1.315471e+1	3.727960e-22
 1.324097e+1	4.139440e-22
 1.333027e+1	4.565380e-22
 1.342270e+1	5.006280e-22
 1.351838e+1	5.462690e-22
 1.361743e+1	5.935130e-22
 1.371995e+1	6.424170e-22
 1.382608e+1	6.930400e-22
 1.393594e+1	7.454420e-22
 1.404965e+1	8.040050e-22
 1.416737e+1	8.703960e-22
 1.428922e+1	9.391200e-22
 1.441535e+1	1.010260e-21
 1.454592e+1	1.083900e-21
 1.468107e+1	1.160120e-21
 1.482098e+1	1.239030e-21
 1.496579e+1	1.320710e-21
 1.511570e+1	1.409420e-21
 1.527088e+1	1.502530e-21
 1.543151e+1	1.598910e-21
 1.559779e+1	1.698670e-21
 1.576991e+1	1.801940e-21
 1.594807e+1	1.908840e-21
 1.613250e+1	2.015530e-21
 1.632341e+1	2.124350e-21
 1.652103e+1	2.236990e-21
 1.672560e+1	2.353590e-21
 1.693735e+1	2.474290e-21
 1.715654e+1	2.599230e-21
 1.738344e+1	2.728560e-21
 1.761831e+1	2.862440e-21
 1.786143e+1	3.001020e-21
 1.811310e+1	3.137680e-21
 1.837361e+1	3.270540e-21
 1.864328e+1	3.408070e-21
 1.892243e+1	3.550440e-21
 1.921138e+1	3.697800e-21
 1.951049e+1	3.850350e-21
 1.982011e+1	4.008260e-21
 2.014061e+1	4.159060e-21
 2.047237e+1	4.298400e-21
 2.081579e+1	4.442630e-21
 2.117129e+1	4.591940e-21
 2.153927e+1	4.746490e-21
 2.192018e+1	4.906480e-21
 2.231449e+1	5.050070e-21
 2.272264e+1	5.192930e-21
 2.314515e+1	5.340800e-21
 2.358250e+1	5.493870e-21
 2.403521e+1	5.650210e-21
 2.450384e+1	5.786110e-21
 2.498894e+1	5.926790e-21
 2.549108e+1	6.072410e-21
 2.601087e+1	6.222500e-21
 2.654893e+1	6.346250e-21
 2.710590e+1	6.474360e-21
 2.768244e+1	6.606960e-21
 2.827924e+1	6.731660e-21
 2.889701e+1	6.845950e-21
 2.953649e+1	6.964250e-21
 3.019845e+1	7.074610e-21
 3.088366e+1	7.159570e-21
 3.159296e+1	7.247530e-21
 3.232719e+1	7.338570e-21
 3.308721e+1	7.432810e-21
 3.387395e+1	7.530370e-21
 3.468833e+1	7.631350e-21
 3.553133e+1	7.706130e-21
 3.640396e+1	7.765470e-21
 3.730725e+1	7.826890e-21
 3.824229e+1	7.890480e-21
 3.921018e+1	7.956290e-21
 4.021209e+1	8.014030e-21
 4.124921e+1	8.033730e-21
 4.232278e+1	8.054130e-21
 4.343407e+1	8.075250e-21
 4.458442e+1	8.097100e-21
 4.577519e+1	8.119730e-21
 4.700781e+1	8.143150e-21
 4.828374e+1	8.167390e-21
 4.960451e+1	8.192490e-21
 5.097170e+1	8.187370e-21
 5.238694e+1	8.168970e-21
 5.385191e+1	8.149920e-21
 5.536836e+1	8.130210e-21
 5.693810e+1	8.109800e-21
 5.856301e+1	8.088680e-21
 6.024502e+1	8.064360e-21
 6.198614e+1	8.024320e-21
 6.378844e+1	7.982870e-21
 6.565409e+1	7.939960e-21
 6.758529e+1	7.895540e-21
 6.958437e+1	7.849560e-21
 7.165369e+1	7.793700e-21
 7.379573e+1	7.733720e-21
 7.601306e+1	7.671630e-21
 7.830830e+1	7.607370e-21
 8.068420e+1	7.540160e-21
 8.314360e+1	7.468840e-21
 8.568942e+1	7.395010e-21
 8.832471e+1	7.318580e-21
 9.105261e+1	7.239470e-21
 9.387638e+1	7.157580e-21
 9.679938e+1	7.072820e-21
 9.982509e+1	6.985070e-21
 1.029571e+2	6.901640e-21
 1.061993e+2	6.815720e-21
 1.095553e+2	6.726780e-21
 1.130293e+2	6.634720e-21
 1.166254e+2	6.539430e-21
 1.203478e+2	6.441830e-21
 1.242011e+2	6.351270e-21
 1.281898e+2	6.257540e-21
 1.323186e+2	6.160510e-21
 1.365925e+2	6.060080e-21
 1.410167e+2	5.959670e-21
 1.455963e+2	5.868070e-21
 1.503368e+2	5.773260e-21
 1.552440e+2	5.675120e-21
 1.603236e+2	5.574340e-21
 1.655817e+2	5.482320e-21
 1.710245e+2	5.387070e-21
 1.766587e+2	5.288470e-21
 1.824908e+2	5.191390e-21
 1.885279e+2	5.097820e-21
 1.947772e+2	5.000950e-21
 2.012461e+2	4.904420e-21
 2.079423e+2	4.820720e-21
 2.148738e+2	4.734080e-21
 2.220489e+2	4.644390e-21
 2.294762e+2	4.551550e-21
 2.371644e+2	4.455440e-21
 2.451229e+2	4.366210e-21
 2.533610e+2	4.279710e-21
 2.618886e+2	4.190170e-21
 2.707160e+2	4.097480e-21
 2.798535e+2	4.001540e-21
 2.893121e+2	3.923180e-21
 2.991032e+2	3.842400e-21
 3.092383e+2	3.758780e-21
 3.197295e+2	3.672230e-21
 3.305895e+2	3.598520e-21
 3.418311e+2	3.522640e-21
 3.534678e+2	3.444090e-21
 3.655134e+2	3.366920e-21
 3.779823e+2	3.292110e-21
 3.908894e+2	3.214660e-21
 4.042501e+2	3.138750e-21
 4.180803e+2	3.069600e-21
 4.323965e+2	2.998020e-21
 4.472158e+2	2.923920e-21
 4.625559e+2	2.859780e-21
 4.784351e+2	2.796260e-21
 4.948724e+2	2.730510e-21
 5.118872e+2	2.669580e-21
 5.295000e+2	2.609700e-21
 5.477318e+2	2.547710e-21
 5.666043e+2	2.483550e-21
 5.861399e+2	2.417120e-21
 6.063621e+2	2.354090e-21
 6.272950e+2	2.301760e-21
 6.489635e+2	2.247590e-21
 6.713935e+2	2.191520e-21
 6.946117e+2	2.133470e-21
 7.186458e+2	2.082710e-21
 7.435245e+2	2.032950e-21
 7.692776e+2	1.981440e-21
 7.959356e+2	1.928130e-21
 8.235305e+2	1.882350e-21
 8.520951e+2	1.836650e-21
 8.816636e+2	1.789340e-21
 9.122711e+2	1.742820e-21
 9.439543e+2	1.698460e-21
 9.767509e+2	1.652550e-21
-----------------------------

IONIZATION
Xe -> Xe^+
 1.213000e+1
SPECIES: e / Xe
PROCESS: E + Xe -> E + E + Xe+, Ionization
PARAM.:  E = 12.13 eV, complete set
UPDATED: 2010-11-15 08:50:48
COLUMNS: Energy (eV) | Cross section (m2)
-----------------------------
 1.213000e+1	0.000000e+0
 1.213100e+1	2.432430e-25
 1.216514e+1	8.548100e-23
 1.220152e+1	1.739660e-22
 1.223917e+1	2.655600e-22
 1.227815e+1	3.603740e-22
 1.231850e+1	4.585190e-22
 1.236027e+1	5.601130e-22
 1.240350e+1	6.652780e-22
 1.244826e+1	7.741380e-22
 1.249458e+1	8.868240e-22
 1.254254e+1	1.024210e-21
 1.259218e+1	1.169160e-21
 1.264356e+1	1.319200e-21
 1.269675e+1	1.474510e-21
 1.275181e+1	1.635290e-21
 1.280880e+1	1.801710e-21
 1.286780e+1	1.973980e-21
 1.292887e+1	2.152300e-21
 1.299209e+1	2.336890e-21
 1.305753e+1	2.541780e-21
 1.312526e+1	2.755830e-21
 1.319538e+1	2.977400e-21
 1.326796e+1	3.206760e-21
 1.334309e+1	3.444180e-21
 1.342087e+1	3.689940e-21
 1.350137e+1	3.944530e-21
 1.358471e+1	4.219540e-21
 1.367097e+1	4.504210e-21
 1.376027e+1	4.798880e-21
 1.385270e+1	5.103910e-21
 1.394838e+1	5.419660e-21
 1.404743e+1	5.752200e-21
 1.414995e+1	6.102840e-21
 1.425608e+1	6.465790e-21
 1.436594e+1	6.841500e-21
 1.447965e+1	7.230420e-21
 1.459737e+1	7.642740e-21
 1.471922e+1	8.071650e-21
 1.484535e+1	8.515640e-21
 1.497592e+1	8.975230e-21
 1.511107e+1	9.468740e-21
 1.525098e+1	9.983590e-21
 1.539580e+1	1.051650e-20
 1.554570e+1	1.106450e-20
 1.570088e+1	1.162320e-20
 1.586151e+1	1.220140e-20
 1.602779e+1	1.278340e-20
 1.619991e+1	1.329970e-20
 1.637807e+1	1.383420e-20
 1.656250e+1	1.440000e-20
 1.675341e+1	1.501090e-20
 1.695103e+1	1.564330e-20
 1.715560e+1	1.622010e-20
 1.736735e+1	1.679180e-20
 1.758654e+1	1.738370e-20
 1.781344e+1	1.799630e-20
 1.804831e+1	1.862560e-20
 1.829143e+1	1.925770e-20
 1.854310e+1	1.991210e-20
 1.880362e+1	2.058940e-20
 1.907328e+1	2.127590e-20
 1.935243e+1	2.194580e-20
 1.964138e+1	2.263930e-20
 1.994049e+1	2.335720e-20
 2.025011e+1	2.402520e-20
 2.057061e+1	2.469830e-20
 2.090237e+1	2.539500e-20
 2.124579e+1	2.623910e-20
 2.160129e+1	2.716330e-20
 2.196927e+1	2.812010e-20
 2.235018e+1	2.890040e-20
 2.274449e+1	2.968900e-20
 2.315264e+1	3.049000e-20
 2.357515e+1	3.129280e-20
 2.401250e+1	3.211750e-20
 2.446521e+1	3.275130e-20
 2.493384e+1	3.340740e-20
 2.541894e+1	3.408650e-20
 2.592108e+1	3.478950e-20
 2.644087e+1	3.538500e-20
 2.697893e+1	3.597680e-20
 2.753590e+1	3.658950e-20
 2.811244e+1	3.722370e-20
 2.870924e+1	3.788020e-20
 2.932701e+1	3.855970e-20
 2.996649e+1	3.926310e-20
 3.062845e+1	3.999130e-20
 3.131366e+1	4.074500e-20
 3.202296e+1	4.151720e-20
 3.275719e+1	4.206790e-20
 3.351721e+1	4.263790e-20
 3.430395e+1	4.318240e-20
 3.511833e+1	4.367100e-20
 3.596133e+1	4.417680e-20
 3.683396e+1	4.457530e-20
 3.773725e+1	4.498180e-20
 3.867229e+1	4.540250e-20
 3.964018e+1	4.583810e-20
 4.064209e+1	4.628250e-20
 4.167921e+1	4.673890e-20
 4.275278e+1	4.721120e-20
 4.386407e+1	4.770020e-20
 4.501442e+1	4.820400e-20
 4.620519e+1	4.853750e-20
 4.743781e+1	4.888260e-20
 4.871374e+1	4.923980e-20
 5.003451e+1	4.960830e-20
 5.140170e+1	4.993640e-20
 5.281694e+1	5.027610e-20
 5.428191e+1	5.062770e-20
 5.579836e+1	5.097560e-20
 5.736810e+1	5.132100e-20
 5.899301e+1	5.167850e-20
 6.067502e+1	5.196750e-20
 6.241614e+1	5.214160e-20
 6.421844e+1	5.232180e-20
 6.608409e+1	5.248670e-20
 6.801529e+1	5.264120e-20
 7.001437e+1	5.280060e-20
 7.208369e+1	5.288330e-20
 7.422573e+1	5.296900e-20
 7.644306e+1	5.305770e-20
 7.873830e+1	5.314950e-20
 8.111420e+1	5.330030e-20
 8.357360e+1	5.352160e-20
 8.611942e+1	5.375070e-20
 8.875471e+1	5.398790e-20
 9.148261e+1	5.427790e-20
 9.430638e+1	5.461680e-20
 9.722938e+1	5.496750e-20
 1.002551e+2	5.532040e-20
 1.033871e+2	5.557100e-20
 1.066293e+2	5.583030e-20
 1.099853e+2	5.609880e-20
 1.134593e+2	5.603080e-20
 1.170554e+2	5.595890e-20
 1.207778e+2	5.585330e-20
 1.246311e+2	5.562210e-20
 1.286198e+2	5.538280e-20
 1.327486e+2	5.497020e-20
 1.370225e+2	5.445730e-20
 1.414467e+2	5.395530e-20
 1.460263e+2	5.349740e-20
 1.507668e+2	5.298500e-20
 1.556740e+2	5.224890e-20
 1.607536e+2	5.150580e-20
 1.660117e+2	5.084850e-20
 1.714545e+2	5.016820e-20
 1.770887e+2	4.946390e-20
 1.829208e+2	4.880790e-20
 1.889579e+2	4.820420e-20
 1.952072e+2	4.757930e-20
 2.016761e+2	4.695920e-20
 2.083723e+2	4.639670e-20
 2.153038e+2	4.581450e-20
 2.224789e+2	4.521180e-20
 2.299062e+2	4.458790e-20
 2.375944e+2	4.394210e-20
 2.455529e+2	4.327360e-20
 2.537910e+2	4.264980e-20
 2.623186e+2	4.208700e-20
 2.711460e+2	4.150440e-20
 2.802835e+2	4.090130e-20
 2.897421e+2	4.027700e-20
 2.995331e+2	3.963080e-20
 3.096683e+2	3.901990e-20
 3.201595e+2	3.839040e-20
 3.310195e+2	3.773880e-20
 3.422611e+2	3.706430e-20
 3.538978e+2	3.639730e-20
 3.659434e+2	3.577090e-20
 3.784123e+2	3.512260e-20
 3.913194e+2	3.445140e-20
 4.046801e+2	3.380340e-20
 4.185103e+2	3.322260e-20
 4.328265e+2	3.262130e-20
 4.476458e+2	3.199890e-20
 4.629859e+2	3.143250e-20
 4.788651e+2	3.086090e-20
 4.953024e+2	3.026910e-20
 5.123172e+2	2.960730e-20
 5.299300e+2	2.890280e-20
 5.481618e+2	2.817350e-20
 5.670343e+2	2.762300e-20
 5.865699e+2	2.707600e-20
 6.067921e+2	2.654380e-20
 6.277250e+2	2.606230e-20
 6.493935e+2	2.556390e-20
 6.718234e+2	2.504810e-20
 6.950417e+2	2.451400e-20
 7.190758e+2	2.398030e-20
 7.439545e+2	2.343300e-20
 7.697076e+2	2.286640e-20
 7.963656e+2	2.228000e-20
 8.239605e+2	2.179270e-20
 8.525251e+2	2.130710e-20
 8.820936e+2	2.080440e-20
 9.127011e+2	2.033490e-20
 9.443843e+2	1.992300e-20
 9.771809e+2	1.949660e-20
-----------------------------

